%YAML:1.0
---
# Face tracker type: 0(Unknown) 1(ASM) 2(MT)
TrackerType: 1
ImageSize: [ 4096, 4096 ]
# Face feature points in image space. Invalid points have zero coordinates
Point2f: !!opencv-matrix
   rows: 1
   cols: 77
   dt: "2f"
   data: [ 1.48906677e+03, 1.27617041e+03, 1.46986670e+03,
       1.44958716e+03, 1.47626672e+03, 1.61855737e+03, 1.49546680e+03,
       1.81865393e+03, 1.62986670e+03, 2.02764343e+03, 1.86026672e+03,
       2.17438062e+03, 2.01386682e+03, 2.21440015e+03, 2.18880005e+03,
       2.20550684e+03, 2.40640015e+03, 2.09878882e+03, 2.54080005e+03,
       1.84088684e+03, 2.56000024e+03, 1.66746985e+03, 2.56640015e+03,
       1.48515979e+03, 2.54720020e+03, 1.28506348e+03, 2.28693335e+03,
       7.87045837e+02, 2.06080005e+03, 7.38133362e+02, 1.83040015e+03,
       7.82599243e+02, 1.86880005e+03, 1.09226672e+03, 1.77920007e+03,
       1.10080005e+03, 1.70240015e+03, 1.18186670e+03, 1.78346680e+03,
       1.16053345e+03, 1.86453345e+03, 1152., 1.94986682e+03,
       1.14773340e+03, 2.14186670e+03, 1.13920007e+03, 2.24426685e+03,
       1.10080005e+03, 2.35946680e+03, 1.11786670e+03, 2.45333350e+03,
       1.19893335e+03, 2.35093335e+03, 1.16906677e+03, 2.24853345e+03,
       1152., 2.27840015e+03, 1.18613342e+03, 1.83040015e+03,
       1.18186670e+03, 1.91146680e+03, 1.25440002e+03, 1.86880005e+03,
       1.22026672e+03, 1.82613342e+03, 1.20320007e+03, 1.78773340e+03,
       1.22026672e+03, 1.75360010e+03, 1.25866675e+03, 1.79200012e+03,
       1.27573340e+03, 1.82613342e+03, 1.28000012e+03, 1.86880005e+03,
       1.27573340e+03, 1.81760010e+03, 1.24586670e+03, 2.27413354e+03,
       1.24586670e+03, 2.19306689e+03, 1.25866675e+03, 2.23573340e+03,
       1.22453345e+03, 2.27840015e+03, 1.20746667e+03, 2.32533350e+03,
       1.22453345e+03, 2.36800024e+03, 1.26293335e+03, 2.32533350e+03,
       1.28426672e+03, 2.27840015e+03, 1.29280005e+03, 2.23573340e+03,
       1.28000012e+03, 2.10773340e+03, 1.43360010e+03, 2.03946680e+03,
       1.42506677e+03, 1.96693347e+03, 1.41226672e+03, 1.95413342e+03,
       1.54880005e+03, 2.00106677e+03, 1.48906677e+03, 2.08213354e+03,
       1.54880005e+03, 2.16746680e+03, 1.51893347e+03, 2.12480005e+03,
       1.59573340e+03, 2.01386682e+03, 1.59573340e+03, 1.93706677e+03,
       1.58720007e+03, 1.91146680e+03, 1.51466675e+03, 1.89440015e+03,
       1.80053345e+03, 1.92000012e+03, 1.72800012e+03, 1.97546680e+03,
       1.70240015e+03, 2.01386682e+03, 1.71093347e+03, 2.06080005e+03,
       1.70666675e+03, 2.12906689e+03, 1.74080005e+03, 2.19733350e+03,
       1.82186682e+03, 2.09920020e+03, 1.76213342e+03, 2.01813342e+03,
       1.74933337e+03, 1.94986682e+03, 1.75360010e+03, 1.94986682e+03,
       1.80906677e+03, 2.01813342e+03, 1.82613342e+03, 2.09920020e+03,
       1.82186682e+03, 2.15893335e+03, 1.86880005e+03, 2.09493335e+03,
       1.88586682e+03, 2.01386682e+03, 1.88586682e+03, 1.95413342e+03,
       1.87306677e+03, 1.91573340e+03, 1.84746680e+03 ]
# Face feature points in 3d object space. Invalid points have zero coordinates
Point3f: !!opencv-matrix
   rows: 1
   cols: 77
   dt: "3f"
   data: [ -4.27047768e+01, 1.61999168e+01, 3.88924713e+02,
       -4.41741714e+01, 3.91490135e+01, 3.88522278e+02, -4.28635712e+01,
       6.12833214e+01, 3.86156189e+02, -3.93052063e+01, 8.74357681e+01,
       3.83065674e+02, -3.00634594e+01, 1.13328560e+02, 3.65362366e+02,
       -8.33430386e+00, 1.29757172e+02, 3.36598267e+02, 1.38703136e+01,
       1.33948944e+02, 3.28499847e+02, 4.01484337e+01, 1.32715103e+02,
       3.32545258e+02, 6.52861786e+01, 1.20117012e+02, 3.53655884e+02,
       7.99280472e+01, 8.68528061e+01, 3.65865662e+02, 8.20495300e+01,
       6.41420670e+01, 3.68974426e+02, 8.44778595e+01, 3.99941330e+01,
       3.69315491e+02, 8.18544922e+01, 1.36238804e+01, 3.70204315e+02,
       4.83422165e+01, -5.28707771e+01, 3.62445282e+02, 1.86121979e+01,
       -6.06457024e+01, 3.61630432e+02, -1.10686646e+01, -5.23802109e+01,
       3.65518555e+02, -1.25800896e+01, -1.31024761e+01, 3.40446869e+02,
       -2.50573444e+01, -1.10608950e+01, 3.48144104e+02, -3.22256546e+01,
       7.23448277e-01, 3.58288635e+02, -2.33713226e+01, -3.10443282e+00,
       3.48955414e+02, -1.13259535e+01, -4.80678034e+00, 3.44868591e+02,
       9.75785017e-01, -6.12114668e+00, 3.38903778e+02, 3.17880116e+01,
       -8.22041035e+00, 3.33829041e+02, 4.86373444e+01, -1.33908749e+01,
       3.35881439e+02, 6.57624359e+01, -1.06377201e+01, 3.44278412e+02,
       7.55111389e+01, 1.07655656e+00, 3.56659515e+02, 6.40355072e+01,
       -3.81483817e+00, 3.44444855e+02, 4.83100204e+01, -6.22688198e+00,
       3.40003296e+02, 5.18948860e+01, -1.35192573e+00, 3.44500732e+02,
       -1.53681564e+01, -4.52699304e-01, 3.48493347e+02, -1.16253722e+00,
       9.22083092e+00, 3.51764893e+02, -8.50092030e+00, 4.61849117e+00,
       3.49565155e+02, -1.56940145e+01, 2.42594385e+00, 3.49021301e+02,
       -2.09034119e+01, 4.98740196e+00, 3.51376587e+02, -2.39211121e+01,
       1.05400648e+01, 3.55929352e+02, -1.88515415e+01, 1.24608507e+01,
       3.53143250e+02, -1.40847301e+01, 1.27907619e+01, 3.51433533e+02,
       -7.70556974e+00, 1.20627174e+01, 3.50791534e+02, -1.58548222e+01,
       8.27089691e+00, 3.51117035e+02, 5.08102646e+01, 6.67751694e+00,
       3.45614197e+02, 3.79391441e+01, 8.91232491e+00, 3.49201569e+02,
       4.48414688e+01, 3.97674394e+00, 3.45903839e+02, 5.18217926e+01,
       1.48720634e+00, 3.44644073e+02, 5.90817146e+01, 3.71709585e+00,
       3.45605621e+02, 6.41512909e+01, 9.13408661e+00, 3.50117096e+02,
       5.80828285e+01, 1.18515491e+01, 3.47875549e+02, 5.10147972e+01,
       1.30120039e+01, 3.46954987e+02, 4.44247971e+01, 1.14842949e+01,
       3.47603668e+02, 2.72015190e+01, 2.89750061e+01, 3.13603424e+02,
       1.35558939e+01, 2.73662872e+01, 3.05981079e+02, 3.39097595e+00,
       2.81287594e+01, 3.30886810e+02, 1.34607899e+00, 4.60236282e+01,
       3.28529572e+02, 6.59080601e+00, 3.63772316e+01, 3.10579651e+02,
       2.24914474e+01, 4.36293259e+01, 3.06254761e+02, 3.71842194e+01,
       4.12925415e+01, 3.26442352e+02, 3.02286434e+01, 5.12382011e+01,
       3.22781128e+02, 1.05979757e+01, 5.12797432e+01, 3.19753601e+02,
       2.74039030e-01, 5.17693138e+01, 3.35525024e+02, -3.95336151e+00,
       4.23561401e+01, 3.36851501e+02, -7.31559181e+00, 7.96111984e+01,
       3.29771332e+02, -4.69919109e+00, 6.94917603e+01, 3.24634735e+02,
       3.35577226e+00, 6.51516647e+01, 3.15733002e+02, 1.00843153e+01,
       6.58314285e+01, 3.12033203e+02, 1.89640999e+01, 6.51783295e+01,
       3.12648895e+02, 3.17590027e+01, 6.94995117e+01, 3.12759888e+02,
       4.23817215e+01, 8.13164749e+01, 3.26412018e+02, 2.62575264e+01,
       7.23067703e+01, 3.11594818e+02, 1.10766687e+01, 7.09379425e+01,
       3.12447784e+02, -4.92585093e-01, 7.23042221e+01, 3.19106567e+02,
       8.54635119e-01, 8.00751190e+01, 3.23981110e+02, 1.21270008e+01,
       8.17230377e+01, 3.19328644e+02, 2.62959538e+01, 8.08425980e+01,
       3.18410889e+02, 3.63544884e+01, 8.73487015e+01, 3.23363251e+02,
       2.56834602e+01, 8.92586975e+01, 3.17670288e+02, 1.14779472e+01,
       8.95579681e+01, 3.18405334e+02, 1.75573647e+00, 8.84709473e+01,
       3.23288452e+02, -3.22479200e+00, 8.58127594e+01, 3.30356201e+02 ]
